10.331826
62.060775
58.384227
89.504403
11.122516
90.278495
26.286227
12.626871
58.198051
30.348494
13.697543
9.557926
55.447117
8.570287
39.996656
77.874412
86.549320
81.717563
64.799159
1.283062
4.349545
18.951155
7.287241
79.337050
17.645967
13.998702
99.998611
70.593034
1.827977
56.846497
12.944826
80.654112
13.374104
5.831041
27.231626
62.933109
7.417104
31.436531
25.449505
61.005962
60.695590
74.534419
66.482862
3.523311
71.395648
48.595954
6.485183
67.259323
34.918157
76.911898
71.159803
77.568026
91.428600
96.767363
93.037693
51.866515
82.468086
44.498824
37.435482
83.654334
65.069594
88.216154
35.336936
37.591917
33.162403
1.590145
36.309286
20.838678
19.552736
79.119087
14.767009
0.346039
62.954164
88.728765
8.348374
28.031604
94.014910
7.056649
78.990334
76.558590
67.632265
12.621417
13.892923
10.683980
86.134985
11.226142
84.482856
22.845903
83.139234
30.784042
82.297922
27.267746
74.949654
68.513730
68.158569
57.375604
11.967806
72.453941
46.788952
55.136411
87.152591
12.297175
16.602570
94.311110
34.011599
83.652849
12.329337
91.927224
54.393546
41.345420
66.051366
82.410437
20.726876
36.395889
84.236361
72.033665
65.556184
24.084921
34.070112
64.107224
44.822318
21.576175
79.254574
21.140067
18.083679
72.825590
38.199209
59.845588
69.950067
96.983965
56.384463
43.152322
66.481585
34.082793
72.398981
58.257174
7.216115
66.938064
9.626907
80.707376
71.880688
8.090576
3.514381
18.213313
18.288216
92.473414
79.263988
62.168679
91.776769
3.515386
